{
 "cells": [
  {
   "cell_type": "code",
   "id": "initial_id",
   "metadata": {
    "collapsed": true,
    "ExecuteTime": {
     "end_time": "2024-08-02T17:52:09.655342Z",
     "start_time": "2024-08-02T17:52:09.583062Z"
    }
   },
   "source": [
    "# reading the data, data probe\n",
    "import pandas as pd\n",
    "\n",
    "pd.set_option('display.max_columns', None)\n",
    "pd.set_option('display.max_colwidth', None)\n",
    "pd.set_option('display.width', 110)\n",
    "\n",
    "df = pd.read_csv('fd01-sample1.csv')\n",
    "\n",
    "print(df.head()) # first five rows"
   ],
   "outputs": [
    {
     "name": "stdout",
     "output_type": "stream",
     "text": [
      "   Class         V1        V2         V3        V4        V5        V6         V7        V8        V9  \\\n",
      "0      1  -2.312227  1.951992  -1.609851  3.997906 -0.522188 -1.426545  -2.537387  1.391657 -2.770089   \n",
      "1      1  -4.696795  2.693867  -4.475133  5.467685 -1.556758 -1.549420  -4.104215  0.553934 -1.498468   \n",
      "2      1   0.287953  1.728735  -1.652173  3.813544 -1.090927 -0.984745  -2.202318  0.555088 -2.033892   \n",
      "3      1 -10.645800  5.918307 -11.671043  8.807369 -7.975501 -3.586806 -13.616797  6.428169 -7.368451   \n",
      "4      1  -1.739341  1.344521  -0.534379  3.195291 -0.416196 -1.261961  -2.340991  0.713004 -1.416265   \n",
      "\n",
      "         V10       V11        V12       V13        V14       V15        V16        V17       V18       V19  \\\n",
      "0  -2.772272  3.202033  -2.899907 -0.595222  -4.289254  0.389724  -1.140747  -2.830056 -0.016822  0.416956   \n",
      "1  -4.594952  5.275506 -11.349029  0.374549  -8.138695  0.548571  -6.653594 -10.246755 -4.191066  0.991486   \n",
      "2  -2.734156  2.368434  -3.656803 -0.169535  -4.744413  0.765193  -2.479514  -4.931112 -2.547403 -0.902690   \n",
      "3 -12.888158  6.854953 -13.211695  1.035612 -13.778956  1.040448 -11.290328 -20.578022 -7.547824  3.118480   \n",
      "4  -2.996669  0.747478  -4.596612 -1.927760  -4.757074 -1.247815  -2.535494  -5.356465 -1.974749 -0.603726   \n",
      "\n",
      "        V20       V21       V22       V23       V24       V25       V26       V27       V28  Amount  \n",
      "0  0.126911  0.517232 -0.035049 -0.465211  0.320198  0.044519  0.177840  0.261145 -0.143276     0.0  \n",
      "1 -0.158971  0.573898 -0.080163  0.318408 -0.245862  0.338238  0.032271 -1.508458  0.608075     0.0  \n",
      "2  0.265250  0.262202 -0.633528  0.092891  0.187613  0.368708 -0.132474  0.576561  0.309843     0.0  \n",
      "3 -0.046170  2.571970  0.206809 -1.667801  0.558419 -0.027898  0.354254  0.273329 -0.152908     0.0  \n",
      "4  0.002749  0.383180 -0.213952 -0.336640  0.237076  0.246003 -0.044228  0.510729  0.220952     0.0  \n"
     ]
    }
   ],
   "execution_count": 21
  },
  {
   "metadata": {
    "ExecuteTime": {
     "end_time": "2024-08-02T17:53:00.653456Z",
     "start_time": "2024-08-02T17:53:00.630987Z"
    }
   },
   "cell_type": "code",
   "source": "print(df.info()) # datatype",
   "id": "3e68e40d2cc083e3",
   "outputs": [
    {
     "name": "stdout",
     "output_type": "stream",
     "text": [
      "<class 'pandas.core.frame.DataFrame'>\n",
      "RangeIndex: 1000 entries, 0 to 999\n",
      "Data columns (total 30 columns):\n",
      " #   Column  Non-Null Count  Dtype  \n",
      "---  ------  --------------  -----  \n",
      " 0   Class   1000 non-null   int64  \n",
      " 1   V1      1000 non-null   float64\n",
      " 2   V2      1000 non-null   float64\n",
      " 3   V3      1000 non-null   float64\n",
      " 4   V4      1000 non-null   float64\n",
      " 5   V5      1000 non-null   float64\n",
      " 6   V6      1000 non-null   float64\n",
      " 7   V7      1000 non-null   float64\n",
      " 8   V8      1000 non-null   float64\n",
      " 9   V9      1000 non-null   float64\n",
      " 10  V10     1000 non-null   float64\n",
      " 11  V11     1000 non-null   float64\n",
      " 12  V12     1000 non-null   float64\n",
      " 13  V13     1000 non-null   float64\n",
      " 14  V14     1000 non-null   float64\n",
      " 15  V15     1000 non-null   float64\n",
      " 16  V16     1000 non-null   float64\n",
      " 17  V17     1000 non-null   float64\n",
      " 18  V18     1000 non-null   float64\n",
      " 19  V19     1000 non-null   float64\n",
      " 20  V20     1000 non-null   float64\n",
      " 21  V21     1000 non-null   float64\n",
      " 22  V22     1000 non-null   float64\n",
      " 23  V23     1000 non-null   float64\n",
      " 24  V24     1000 non-null   float64\n",
      " 25  V25     1000 non-null   float64\n",
      " 26  V26     1000 non-null   float64\n",
      " 27  V27     1000 non-null   float64\n",
      " 28  V28     1000 non-null   float64\n",
      " 29  Amount  1000 non-null   float64\n",
      "dtypes: float64(29), int64(1)\n",
      "memory usage: 234.5 KB\n",
      "None\n"
     ]
    }
   ],
   "execution_count": 22
  },
  {
   "metadata": {
    "ExecuteTime": {
     "end_time": "2024-08-02T17:53:04.613855Z",
     "start_time": "2024-08-02T17:53:04.589751Z"
    }
   },
   "cell_type": "code",
   "source": "print(df.describe().T) # T to switch Class from column header to row header, statistics values",
   "id": "56523c56543ae39e",
   "outputs": [
    {
     "name": "stdout",
     "output_type": "stream",
     "text": [
      "         count        mean         std        min       25%        50%        75%          max\n",
      "Class   1000.0    0.492000    0.500186   0.000000  0.000000   0.000000   1.000000     1.000000\n",
      "V1      1000.0   -2.349179    5.505400 -30.552380 -2.811238  -0.738008   1.079751     2.256496\n",
      "V2      1000.0    1.753148    3.755621 -16.550248 -0.136640   0.964356   2.726800    22.057729\n",
      "V3      1000.0   -3.489354    6.179576 -31.103685 -5.074851  -1.348165   0.311243     3.511280\n",
      "V4      1000.0    2.268985    3.176106  -3.979915 -0.193892   1.367949   4.175332    12.114672\n",
      "V5      1000.0   -1.539520    4.221083 -22.105532 -1.787656  -0.408597   0.489057    11.095089\n",
      "V6      1000.0   -0.702437    1.760059  -6.406267 -1.572363  -0.651274   0.069392     6.609216\n",
      "V7      1000.0   -2.724624    5.830610 -43.557242 -3.031843  -0.591928   0.280491     8.250578\n",
      "V8      1000.0    0.313380    4.811130 -41.044261 -0.199203   0.150098   0.860635    20.007208\n",
      "V9      1000.0   -1.280021    2.281760 -13.434066 -2.270235  -0.694979   0.174562     3.353525\n",
      "V10     1000.0   -2.791084    4.503760 -24.588262 -4.535790  -0.830944   0.044275     5.035662\n",
      "V11     1000.0    1.866524    2.761135  -3.461910 -0.203514   1.023996   3.548194    12.018913\n",
      "V12     1000.0   -3.108874    4.555969 -18.683715 -5.423505  -0.838375   0.193048     3.101067\n",
      "V13     1000.0   -0.055811    1.047659  -3.297730 -0.792943   0.005791   0.647195     3.363947\n",
      "V14     1000.0   -3.412671    4.656633 -19.214325 -6.610824  -0.947895   0.117895     5.139921\n",
      "V15     1000.0   -0.053712    0.983516  -4.498945 -0.613756  -0.019416   0.656903     2.471358\n",
      "V16     1000.0   -2.010307    3.478939 -14.129855 -3.403664  -0.557321   0.380180     3.139656\n",
      "V17     1000.0   -3.260950    5.950535 -25.162799 -5.235730  -0.507551   0.301876     6.739384\n",
      "V18     1000.0   -1.079986    2.411870  -9.498746 -1.773788  -0.315761   0.409580     3.790316\n",
      "V19     1000.0    0.323543    1.267652  -3.681904 -0.479147   0.223205   0.940744     5.228342\n",
      "V20     1000.0    0.165068    1.082626  -9.150864 -0.199149   0.006614   0.444010    11.059004\n",
      "V21     1000.0    0.343786    2.753647 -22.797604 -0.165924   0.152848   0.619091    27.202839\n",
      "V22     1000.0    0.019004    1.158559  -8.887017 -0.541429   0.034322   0.564606     8.361985\n",
      "V23     1000.0   -0.024218    1.311984 -19.254328 -0.227872  -0.035093   0.199408     9.974239\n",
      "V24     1000.0   -0.050389    0.557772  -2.140484 -0.388364  -0.002490   0.374873     1.246228\n",
      "V25     1000.0    0.002834    0.684599  -4.781606 -0.351149   0.041014   0.386337     2.261462\n",
      "V26     1000.0    0.031340    0.478988  -1.154624 -0.295559  -0.020854   0.334915     2.745261\n",
      "V27     1000.0    0.097730    1.009724  -7.263482 -0.067381   0.042390   0.438486     4.514516\n",
      "V28     1000.0    0.034516    0.432354  -2.839512 -0.060818   0.031409   0.218734     1.779364\n",
      "Amount  1000.0  111.028190  300.840937   0.000000  1.590000  19.660000  99.990000  6511.000000\n"
     ]
    }
   ],
   "execution_count": 23
  },
  {
   "metadata": {
    "ExecuteTime": {
     "end_time": "2024-08-02T17:53:07.999790Z",
     "start_time": "2024-08-02T17:53:07.997331Z"
    }
   },
   "cell_type": "code",
   "source": "print(df.shape)",
   "id": "68780144fb6d2018",
   "outputs": [
    {
     "name": "stdout",
     "output_type": "stream",
     "text": [
      "(1000, 30)\n"
     ]
    }
   ],
   "execution_count": 24
  },
  {
   "metadata": {
    "ExecuteTime": {
     "end_time": "2024-08-02T17:53:10.119372Z",
     "start_time": "2024-08-02T17:53:10.113877Z"
    }
   },
   "cell_type": "code",
   "source": "print(df.isnull().sum()/len(df)) # data cleaning",
   "id": "24c410e0b9c0f6f8",
   "outputs": [
    {
     "name": "stdout",
     "output_type": "stream",
     "text": [
      "Class     0.0\n",
      "V1        0.0\n",
      "V2        0.0\n",
      "V3        0.0\n",
      "V4        0.0\n",
      "V5        0.0\n",
      "V6        0.0\n",
      "V7        0.0\n",
      "V8        0.0\n",
      "V9        0.0\n",
      "V10       0.0\n",
      "V11       0.0\n",
      "V12       0.0\n",
      "V13       0.0\n",
      "V14       0.0\n",
      "V15       0.0\n",
      "V16       0.0\n",
      "V17       0.0\n",
      "V18       0.0\n",
      "V19       0.0\n",
      "V20       0.0\n",
      "V21       0.0\n",
      "V22       0.0\n",
      "V23       0.0\n",
      "V24       0.0\n",
      "V25       0.0\n",
      "V26       0.0\n",
      "V27       0.0\n",
      "V28       0.0\n",
      "Amount    0.0\n",
      "dtype: float64\n"
     ]
    }
   ],
   "execution_count": 25
  },
  {
   "metadata": {
    "ExecuteTime": {
     "end_time": "2024-08-02T17:53:13.357986Z",
     "start_time": "2024-08-02T17:53:13.346211Z"
    }
   },
   "cell_type": "code",
   "source": [
    "import matplotlib.pyplot as plt\n",
    "import seaborn as sns\n",
    "\n",
    "print(df.corr())"
   ],
   "id": "4e407287c106ead9",
   "outputs": [
    {
     "name": "stdout",
     "output_type": "stream",
     "text": [
      "           Class        V1        V2        V3        V4        V5        V6        V7        V8        V9  \\\n",
      "Class   1.000000 -0.433303  0.490427 -0.564669  0.704662 -0.375949 -0.388967 -0.480286  0.052649 -0.561448   \n",
      "V1     -0.433303  1.000000 -0.768366  0.878062 -0.614275  0.849567  0.319030  0.879274 -0.084481  0.660788   \n",
      "V2      0.490427 -0.768366  1.000000 -0.842073  0.669945 -0.784367 -0.269737 -0.831390 -0.007132 -0.696710   \n",
      "V3     -0.564669  0.878062 -0.842073  1.000000 -0.765319  0.845776  0.453116  0.887162 -0.172277  0.767697   \n",
      "V4      0.704662 -0.614275  0.669945 -0.765319  1.000000 -0.571002 -0.412855 -0.710075  0.096665 -0.793981   \n",
      "V5     -0.375949  0.849567 -0.784367  0.845776 -0.571002  1.000000  0.272186  0.825793 -0.202423  0.659493   \n",
      "V6     -0.388967  0.319030 -0.269737  0.453116 -0.412855  0.272186  1.000000  0.289994 -0.562092  0.370383   \n",
      "V7     -0.480286  0.879274 -0.831390  0.887162 -0.710075  0.825793  0.289994  1.000000  0.081894  0.768499   \n",
      "V8      0.052649 -0.084481 -0.007132 -0.172277  0.096665 -0.202423 -0.562092  0.081894  1.000000 -0.073030   \n",
      "V9     -0.561448  0.660788 -0.696710  0.767697 -0.793981  0.659493  0.370383  0.768499 -0.073030  1.000000   \n",
      "V10    -0.630897  0.741447 -0.760643  0.857331 -0.792221  0.756861  0.418495  0.864969 -0.046914  0.851194   \n",
      "V11     0.689538 -0.524278  0.604007 -0.715814  0.791057 -0.527688 -0.481333 -0.640394  0.164527 -0.704372   \n",
      "V12    -0.680878  0.592101 -0.661847  0.755807 -0.834297  0.613977  0.488516  0.719299 -0.161560  0.771620   \n",
      "V13    -0.050302 -0.056387  0.046906 -0.067493  0.048419 -0.124597 -0.127326 -0.027668  0.275902 -0.032358   \n",
      "V14    -0.752541  0.439059 -0.561624  0.651541 -0.787986  0.432637  0.516077  0.546152 -0.178948  0.684461   \n",
      "V15    -0.039261  0.123598 -0.175675  0.139632 -0.131359  0.096876 -0.038925  0.182237  0.139764  0.141079   \n",
      "V16    -0.602736  0.636854 -0.621956  0.726086 -0.726291  0.684436  0.423759  0.747637 -0.168278  0.734940   \n",
      "V17    -0.563397  0.670386 -0.631680  0.735147 -0.709510  0.739348  0.410095  0.768742 -0.216251  0.766722   \n",
      "V18    -0.476138  0.671759 -0.608266  0.702184 -0.649953  0.736154  0.346270  0.760680 -0.176097  0.720485   \n",
      "V19     0.277382 -0.307044  0.214473 -0.322832  0.313105 -0.397616 -0.217962 -0.360051  0.213092 -0.334582   \n",
      "V20     0.188489 -0.284272  0.351514 -0.354516  0.291573 -0.321344 -0.118786 -0.384077 -0.029230 -0.391239   \n",
      "V21     0.132230  0.015016  0.050419  0.025778 -0.018997  0.040075  0.022863  0.038615 -0.112840  0.156906   \n",
      "V22    -0.004211 -0.040590 -0.004660 -0.061720  0.107499 -0.078498 -0.000487 -0.115173  0.036045 -0.240880   \n",
      "V23    -0.012075 -0.027394  0.165197 -0.020196  0.010463 -0.057432  0.264592 -0.095830 -0.357488 -0.055627   \n",
      "V24    -0.096632 -0.074761 -0.001291  0.011770 -0.087111 -0.131718 -0.019386 -0.032237  0.073180  0.014078   \n",
      "V25     0.055537 -0.079747  0.138415 -0.089973 -0.010201 -0.088139 -0.136721  0.024566  0.236314 -0.018404   \n",
      "V26     0.041747  0.060259 -0.017203  0.000309  0.136595  0.082731 -0.041463  0.028209  0.041999 -0.106751   \n",
      "V27     0.071033  0.164231 -0.198129  0.099512 -0.007953  0.183818 -0.143897  0.241966  0.278247  0.137928   \n",
      "V28     0.093715  0.199129  0.056046  0.133738 -0.080949  0.161451 -0.055304  0.133828 -0.003063  0.129297   \n",
      "Amount  0.036601 -0.059643 -0.261278 -0.010583 -0.005257 -0.120359  0.182975  0.136457 -0.013925  0.047884   \n",
      "\n",
      "             V10       V11       V12       V13       V14       V15       V16       V17       V18       V19  \\\n",
      "Class  -0.630897  0.689538 -0.680878 -0.050302 -0.752541 -0.039261 -0.602736 -0.563397 -0.476138  0.277382   \n",
      "V1      0.741447 -0.524278  0.592101 -0.056387  0.439059  0.123598  0.636854  0.670386  0.671759 -0.307044   \n",
      "V2     -0.760643  0.604007 -0.661847  0.046906 -0.561624 -0.175675 -0.621956 -0.631680 -0.608266  0.214473   \n",
      "V3      0.857331 -0.715814  0.755807 -0.067493  0.651541  0.139632  0.726086  0.735147  0.702184 -0.322832   \n",
      "V4     -0.792221  0.791057 -0.834297  0.048419 -0.787986 -0.131359 -0.726291 -0.709510 -0.649953  0.313105   \n",
      "V5      0.756861 -0.527688  0.613977 -0.124597  0.432637  0.096876  0.684436  0.739348  0.736154 -0.397616   \n",
      "V6      0.418495 -0.481333  0.488516 -0.127326  0.516077 -0.038925  0.423759  0.410095  0.346270 -0.217962   \n",
      "V7      0.864969 -0.640394  0.719299 -0.027668  0.546152  0.182237  0.747637  0.768742  0.760680 -0.360051   \n",
      "V8     -0.046914  0.164527 -0.161560  0.275902 -0.178948  0.139764 -0.168278 -0.216251 -0.176097  0.213092   \n",
      "V9      0.851194 -0.704372  0.771620 -0.032358  0.684461  0.141079  0.734940  0.766722  0.720485 -0.334582   \n",
      "V10     1.000000 -0.809558  0.884140 -0.043221  0.762358  0.147929  0.856256  0.856562  0.802748 -0.418097   \n",
      "V11    -0.809558  1.000000 -0.899385  0.070264 -0.892096 -0.068364 -0.812022 -0.780824 -0.680102  0.407121   \n",
      "V12     0.884140 -0.899385  1.000000 -0.091494  0.877549  0.098314  0.899783  0.875720  0.800741 -0.461475   \n",
      "V13    -0.043221  0.070264 -0.091494  1.000000 -0.019934 -0.031062 -0.096310 -0.129978 -0.120093  0.169652   \n",
      "V14     0.762358 -0.892096  0.877549 -0.019934  1.000000  0.003208  0.779891  0.733298  0.626338 -0.376369   \n",
      "V15     0.147929 -0.068364  0.098314 -0.031062  0.003208  1.000000  0.015713  0.042890  0.037546  0.196589   \n",
      "V16     0.856256 -0.812022  0.899783 -0.096310  0.779891  0.015713  1.000000  0.951536  0.904766 -0.629439   \n",
      "V17     0.856562 -0.780824  0.875720 -0.129978  0.733298  0.042890  0.951536  1.000000  0.938796 -0.593725   \n",
      "V18     0.802748 -0.680102  0.800741 -0.120093  0.626338  0.037546  0.904766  0.938796  1.000000 -0.562419   \n",
      "V19    -0.418097  0.407121 -0.461475  0.169652 -0.376369  0.196589 -0.629439 -0.593725 -0.562419  1.000000   \n",
      "V20    -0.390395  0.203074 -0.233013 -0.035880 -0.138641 -0.146299 -0.191789 -0.223497 -0.199828  0.062071   \n",
      "V21     0.081568  0.142721 -0.078884 -0.007649 -0.229162  0.138014 -0.153195 -0.098954 -0.085102  0.120703   \n",
      "V22    -0.202807  0.001047 -0.100481 -0.021461  0.074167 -0.076841 -0.091080 -0.112775 -0.109349  0.112544   \n",
      "V23    -0.037664 -0.023991  0.002837 -0.078445  0.010366 -0.064642 -0.009066  0.012850  0.015351  0.001663   \n",
      "V24     0.005782 -0.118138  0.048038  0.058183  0.152908  0.026435 -0.052565 -0.082034 -0.104541  0.105126   \n",
      "V25     0.005390  0.038092  0.013529 -0.001687 -0.099417  0.005209  0.031762  0.024643  0.046040 -0.138122   \n",
      "V26    -0.021857  0.147211 -0.121182  0.065162 -0.160877  0.058572 -0.058588 -0.036481 -0.012324  0.052115   \n",
      "V27     0.157903  0.166102 -0.017112  0.054976 -0.193702  0.190609 -0.022658  0.006420  0.051646  0.053278   \n",
      "V28     0.131115  0.031290  0.001521 -0.096034 -0.133914  0.100318  0.003649  0.050019  0.091217 -0.024178   \n",
      "Amount  0.004529 -0.014526  0.036359 -0.020506  0.049101  0.082752  0.004888 -0.005574 -0.005753  0.038527   \n",
      "\n",
      "             V20       V21       V22       V23       V24       V25       V26       V27       V28    Amount  \n",
      "Class   0.188489  0.132230 -0.004211 -0.012075 -0.096632  0.055537  0.041747  0.071033  0.093715  0.036601  \n",
      "V1     -0.284272  0.015016 -0.040590 -0.027394 -0.074761 -0.079747  0.060259  0.164231  0.199129 -0.059643  \n",
      "V2      0.351514  0.050419 -0.004660  0.165197 -0.001291  0.138415 -0.017203 -0.198129  0.056046 -0.261278  \n",
      "V3     -0.354516  0.025778 -0.061720 -0.020196  0.011770 -0.089973  0.000309  0.099512  0.133738 -0.010583  \n",
      "V4      0.291573 -0.018997  0.107499  0.010463 -0.087111 -0.010201  0.136595 -0.007953 -0.080949 -0.005257  \n",
      "V5     -0.321344  0.040075 -0.078498 -0.057432 -0.131718 -0.088139  0.082731  0.183818  0.161451 -0.120359  \n",
      "V6     -0.118786  0.022863 -0.000487  0.264592 -0.019386 -0.136721 -0.041463 -0.143897 -0.055304  0.182975  \n",
      "V7     -0.384077  0.038615 -0.115173 -0.095830 -0.032237  0.024566  0.028209  0.241966  0.133828  0.136457  \n",
      "V8     -0.029230 -0.112840  0.036045 -0.357488  0.073180  0.236314  0.041999  0.278247 -0.003063 -0.013925  \n",
      "V9     -0.391239  0.156906 -0.240880 -0.055627  0.014078 -0.018404 -0.106751  0.137928  0.129297  0.047884  \n",
      "V10    -0.390395  0.081568 -0.202807 -0.037664  0.005782  0.005390 -0.021857  0.157903  0.131115  0.004529  \n",
      "V11     0.203074  0.142721  0.001047 -0.023991 -0.118138  0.038092  0.147211  0.166102  0.031290 -0.014526  \n",
      "V12    -0.233013 -0.078884 -0.100481  0.002837  0.048038  0.013529 -0.121182 -0.017112  0.001521  0.036359  \n",
      "V13    -0.035880 -0.007649 -0.021461 -0.078445  0.058183 -0.001687  0.065162  0.054976 -0.096034 -0.020506  \n",
      "V14    -0.138641 -0.229162  0.074167  0.010366  0.152908 -0.099417 -0.160877 -0.193702 -0.133914  0.049101  \n",
      "V15    -0.146299  0.138014 -0.076841 -0.064642  0.026435  0.005209  0.058572  0.190609  0.100318  0.082752  \n",
      "V16    -0.191789 -0.153195 -0.091080 -0.009066 -0.052565  0.031762 -0.058588 -0.022658  0.003649  0.004888  \n",
      "V17    -0.223497 -0.098954 -0.112775  0.012850 -0.082034  0.024643 -0.036481  0.006420  0.050019 -0.005574  \n",
      "V18    -0.199828 -0.085102 -0.109349  0.015351 -0.104541  0.046040 -0.012324  0.051646  0.091217 -0.005753  \n",
      "V19     0.062071  0.120703  0.112544  0.001663  0.105126 -0.138122  0.052115  0.053278 -0.024178  0.038527  \n",
      "V20     1.000000 -0.508242  0.409543  0.059072 -0.030826  0.005986 -0.025931 -0.193368  0.078655  0.038146  \n",
      "V21    -0.508242  1.000000 -0.741759  0.115794 -0.048568  0.126422  0.023789  0.360098  0.297074 -0.000039  \n",
      "V22     0.409543 -0.741759  1.000000  0.037068  0.040642 -0.212774  0.015423 -0.363643 -0.264607 -0.044028  \n",
      "V23     0.059072  0.115794  0.037068  1.000000 -0.073869  0.165550  0.052267 -0.194947  0.058287 -0.343956  \n",
      "V24    -0.030826 -0.048568  0.040642 -0.073869  1.000000 -0.108094 -0.113191 -0.190559 -0.050073  0.073207  \n",
      "V25     0.005986  0.126422 -0.212774  0.165550 -0.108094  1.000000  0.076841  0.183914  0.170230 -0.190857  \n",
      "V26    -0.025931  0.023789  0.015423  0.052267 -0.113191  0.076841  1.000000  0.166008 -0.010016 -0.075078  \n",
      "V27    -0.193368  0.360098 -0.363643 -0.194947 -0.190559  0.183914  0.166008  1.000000  0.208827  0.167367  \n",
      "V28     0.078655  0.297074 -0.264607  0.058287 -0.050073  0.170230 -0.010016  0.208827  1.000000 -0.150474  \n",
      "Amount  0.038146 -0.000039 -0.044028 -0.343956  0.073207 -0.190857 -0.075078  0.167367 -0.150474  1.000000  \n"
     ]
    }
   ],
   "execution_count": 26
  },
  {
   "metadata": {
    "ExecuteTime": {
     "end_time": "2024-08-02T17:53:17.529131Z",
     "start_time": "2024-08-02T17:53:16.513107Z"
    }
   },
   "cell_type": "code",
   "source": [
    "plt.figure(figsize=(20, 20))\n",
    "sns.heatmap(df.corr(), cbar=True, square=True, fmt='.1f', annot=True, annot_kws={'size': 15}, cmap='Greens')"
   ],
   "id": "87f726deba4d5a86",
   "outputs": [
    {
     "data": {
      "text/plain": [
       "<Axes: >"
      ]
     },
     "execution_count": 27,
     "metadata": {},
     "output_type": "execute_result"
    },
    {
     "data": {
      "text/plain": [
       "<Figure size 2000x2000 with 2 Axes>"
      ],
